/*********************************************
 * LARGE SCALE DATASET GENERATED BY PYTHON
 * Patients: 150, Surgeons: 20, Rooms: 6
 *********************************************/

P = { 1, 2, 3, 4, 5, 6, 7, 8, 9, 10, 11, 12, 13, 14, 15, 16, 17, 18, 19, 20, 21, 22, 23, 24, 25, 26, 27, 28, 29, 30, 31, 32, 33, 34, 35, 36, 37, 38, 39, 40, 41, 42, 43, 44, 45, 46, 47, 48, 49, 50, 51, 52, 53, 54, 55, 56, 57, 58, 59, 60, 61, 62, 63, 64, 65, 66, 67, 68, 69, 70, 71, 72, 73, 74, 75, 76, 77, 78, 79, 80, 81, 82, 83, 84, 85, 86, 87, 88, 89, 90, 91, 92, 93, 94, 95, 96, 97, 98, 99, 100, 101, 102, 103, 104, 105, 106, 107, 108, 109, 110, 111, 112, 113, 114, 115, 116, 117, 118, 119, 120, 121, 122, 123, 124, 125, 126, 127, 128, 129, 130, 131, 132, 133, 134, 135, 136, 137, 138, 139, 140, 141, 142, 143, 144, 145, 146, 147, 148, 149, 150 };
S = { 1, 2, 3, 4, 5, 6, 7, 8, 9, 10, 11, 12, 13, 14, 15, 16, 17, 18, 19, 20 };
D = { 1, 2, 3, 4, 5 };
K = { 1, 2, 3, 4, 5, 6 };

SurgeryTypes = {1, 2, 3, 4, 5, 6, 7, 8, 9, 10};
wh = [480, 480, 480, 480, 480];

DurationByType = [60, 65, 30, 30, 90, 100, 160, 90, 65, 30];
PrepType = [10, 10, 10, 10, 10, 15, 15, 15, 15, 15];
RestingTimeByType = [15, 15, 15, 15, 15, 30, 30, 20, 20, 10];

PatientType = [
  10, 5, 1, 6, 9, 7, 2, 6, 3, 5, 5, 5, 9, 2, 10, 4, 4, 1, 9, 3,
  2, 3, 10, 3, 9, 10, 3, 2, 10, 10, 5, 5, 3, 1, 5, 10, 5, 6, 2, 5,
  4, 4, 10, 8, 4, 3, 3, 4, 8, 10, 6, 4, 9, 2, 1, 1, 6, 5, 4, 7,
  5, 8, 6, 3, 5, 6, 5, 6, 1, 10, 3, 4, 10, 4, 3, 2, 8, 10, 7, 1,
  5, 10, 5, 5, 5, 1, 10, 4, 1, 10, 3, 2, 5, 10, 4, 3, 3, 7, 1, 8,
  8, 1, 3, 4, 3, 10, 9, 4, 3, 7, 5, 2, 9, 1, 9, 1, 9, 5, 9, 6,
  3, 2, 9, 1, 5, 3, 4, 7, 3, 4, 3, 8, 5, 3, 5, 3, 4, 4, 2, 3,
  1, 9, 5, 2, 9, 10, 9, 1, 4, 2
];

Avail = [
  [1, 1, 1, 1, 0],
  [1, 1, 1, 1, 0],
  [1, 1, 1, 1, 1],
  [1, 1, 1, 1, 1],
  [1, 1, 1, 1, 1],
  [1, 1, 1, 1, 1],
  [1, 0, 1, 1, 0],
  [1, 1, 1, 0, 1],
  [1, 1, 1, 1, 1],
  [1, 1, 1, 1, 0],
  [1, 1, 1, 1, 0],
  [1, 1, 1, 1, 1],
  [1, 1, 1, 1, 1],
  [0, 0, 1, 0, 0],
  [1, 1, 1, 1, 1],
  [1, 1, 1, 1, 1],
  [1, 1, 1, 1, 1],
  [0, 1, 1, 0, 1],
  [1, 1, 0, 1, 0],
  [1, 0, 1, 1, 1]
];

// IsResponsible [Surgeon][Type][Day]
IsResponsible = [
  [ // Surgeon 1
    [1, 1, 1, 1, 1],
    [1, 1, 1, 1, 1],
    [1, 1, 1, 1, 1],
    [0, 0, 0, 0, 0],
    [0, 0, 0, 0, 0],
    [0, 0, 0, 0, 0],
    [0, 0, 0, 0, 0],
    [0, 0, 0, 0, 0],
    [1, 1, 1, 1, 1],
    [0, 0, 0, 0, 0]
  ],
  [ // Surgeon 2
    [0, 0, 0, 0, 0],
    [0, 0, 0, 0, 0],
    [0, 0, 0, 0, 0],
    [0, 0, 0, 0, 0],
    [0, 0, 0, 0, 0],
    [1, 1, 1, 1, 1],
    [1, 1, 1, 1, 1],
    [1, 1, 1, 1, 1],
    [0, 0, 0, 0, 0],
    [0, 0, 0, 0, 0]
  ],
  [ // Surgeon 3
    [1, 1, 1, 1, 1],
    [0, 0, 0, 0, 0],
    [0, 0, 0, 0, 0],
    [1, 1, 1, 1, 1],
    [0, 0, 0, 0, 0],
    [0, 0, 0, 0, 0],
    [1, 1, 1, 1, 1],
    [1, 1, 1, 1, 1],
    [1, 1, 1, 1, 1],
    [1, 1, 1, 1, 1]
  ],
  [ // Surgeon 4
    [1, 1, 1, 1, 1],
    [1, 1, 1, 1, 1],
    [1, 1, 1, 1, 1],
    [0, 0, 0, 0, 0],
    [0, 0, 0, 0, 0],
    [0, 0, 0, 0, 0],
    [0, 0, 0, 0, 0],
    [1, 1, 1, 1, 1],
    [1, 1, 1, 1, 1],
    [0, 0, 0, 0, 0]
  ],
  [ // Surgeon 5
    [0, 0, 0, 0, 0],
    [0, 0, 0, 0, 0],
    [0, 0, 0, 0, 0],
    [0, 0, 0, 0, 0],
    [1, 1, 1, 1, 1],
    [1, 1, 1, 1, 1],
    [1, 1, 1, 1, 1],
    [0, 0, 0, 0, 0],
    [1, 1, 1, 1, 1],
    [0, 0, 0, 0, 0]
  ],
  [ // Surgeon 6
    [0, 0, 0, 0, 0],
    [1, 1, 1, 1, 1],
    [0, 0, 0, 0, 0],
    [1, 1, 1, 1, 1],
    [0, 0, 0, 0, 0],
    [1, 1, 1, 1, 1],
    [1, 1, 1, 1, 1],
    [1, 1, 1, 1, 1],
    [0, 0, 0, 0, 0],
    [1, 1, 1, 1, 1]
  ],
  [ // Surgeon 7
    [1, 1, 1, 1, 1],
    [0, 0, 0, 0, 0],
    [1, 1, 1, 1, 1],
    [0, 0, 0, 0, 0],
    [1, 1, 1, 1, 1],
    [0, 0, 0, 0, 0],
    [0, 0, 0, 0, 0],
    [1, 1, 1, 1, 1],
    [0, 0, 0, 0, 0],
    [0, 0, 0, 0, 0]
  ],
  [ // Surgeon 8
    [1, 1, 1, 1, 1],
    [0, 0, 0, 0, 0],
    [0, 0, 0, 0, 0],
    [0, 0, 0, 0, 0],
    [1, 1, 1, 1, 1],
    [0, 0, 0, 0, 0],
    [1, 1, 1, 1, 1],
    [0, 0, 0, 0, 0],
    [0, 0, 0, 0, 0],
    [1, 1, 1, 1, 1]
  ],
  [ // Surgeon 9
    [1, 1, 1, 1, 1],
    [1, 1, 1, 1, 1],
    [0, 0, 0, 0, 0],
    [0, 0, 0, 0, 0],
    [0, 0, 0, 0, 0],
    [0, 0, 0, 0, 0],
    [1, 1, 1, 1, 1],
    [0, 0, 0, 0, 0],
    [1, 1, 1, 1, 1],
    [0, 0, 0, 0, 0]
  ],
  [ // Surgeon 10
    [1, 1, 1, 1, 1],
    [0, 0, 0, 0, 0],
    [0, 0, 0, 0, 0],
    [0, 0, 0, 0, 0],
    [1, 1, 1, 1, 1],
    [1, 1, 1, 1, 1],
    [1, 1, 1, 1, 1],
    [0, 0, 0, 0, 0],
    [0, 0, 0, 0, 0],
    [1, 1, 1, 1, 1]
  ],
  [ // Surgeon 11
    [0, 0, 0, 0, 0],
    [1, 1, 1, 1, 1],
    [1, 1, 1, 1, 1],
    [0, 0, 0, 0, 0],
    [0, 0, 0, 0, 0],
    [0, 0, 0, 0, 0],
    [1, 1, 1, 1, 1],
    [0, 0, 0, 0, 0],
    [1, 1, 1, 1, 1],
    [1, 1, 1, 1, 1]
  ],
  [ // Surgeon 12
    [0, 0, 0, 0, 0],
    [0, 0, 0, 0, 0],
    [0, 0, 0, 0, 0],
    [0, 0, 0, 0, 0],
    [1, 1, 1, 1, 1],
    [1, 1, 1, 1, 1],
    [1, 1, 1, 1, 1],
    [0, 0, 0, 0, 0],
    [0, 0, 0, 0, 0],
    [1, 1, 1, 1, 1]
  ],
  [ // Surgeon 13
    [0, 0, 0, 0, 0],
    [0, 0, 0, 0, 0],
    [0, 0, 0, 0, 0],
    [0, 0, 0, 0, 0],
    [0, 0, 0, 0, 0],
    [0, 0, 0, 0, 0],
    [0, 0, 0, 0, 0],
    [0, 0, 0, 0, 0],
    [0, 0, 0, 0, 0],
    [0, 0, 0, 0, 0]
  ],
  [ // Surgeon 14
    [0, 0, 0, 0, 0],
    [0, 0, 0, 0, 0],
    [0, 0, 0, 0, 0],
    [0, 0, 0, 0, 0],
    [0, 0, 0, 0, 0],
    [0, 0, 0, 0, 0],
    [0, 0, 0, 0, 0],
    [0, 0, 0, 0, 0],
    [0, 0, 0, 0, 0],
    [0, 0, 0, 0, 0]
  ],
  [ // Surgeon 15
    [0, 0, 0, 0, 0],
    [0, 0, 0, 0, 0],
    [0, 0, 0, 0, 0],
    [0, 0, 0, 0, 0],
    [0, 0, 0, 0, 0],
    [0, 0, 0, 0, 0],
    [0, 0, 0, 0, 0],
    [0, 0, 0, 0, 0],
    [0, 0, 0, 0, 0],
    [0, 0, 0, 0, 0]
  ],
  [ // Surgeon 16
    [0, 0, 0, 0, 0],
    [0, 0, 0, 0, 0],
    [0, 0, 0, 0, 0],
    [0, 0, 0, 0, 0],
    [0, 0, 0, 0, 0],
    [0, 0, 0, 0, 0],
    [0, 0, 0, 0, 0],
    [0, 0, 0, 0, 0],
    [0, 0, 0, 0, 0],
    [0, 0, 0, 0, 0]
  ],
  [ // Surgeon 17
    [0, 0, 0, 0, 0],
    [0, 0, 0, 0, 0],
    [0, 0, 0, 0, 0],
    [0, 0, 0, 0, 0],
    [0, 0, 0, 0, 0],
    [0, 0, 0, 0, 0],
    [0, 0, 0, 0, 0],
    [0, 0, 0, 0, 0],
    [0, 0, 0, 0, 0],
    [0, 0, 0, 0, 0]
  ],
  [ // Surgeon 18
    [0, 0, 0, 0, 0],
    [0, 0, 0, 0, 0],
    [0, 0, 0, 0, 0],
    [0, 0, 0, 0, 0],
    [0, 0, 0, 0, 0],
    [0, 0, 0, 0, 0],
    [0, 0, 0, 0, 0],
    [0, 0, 0, 0, 0],
    [0, 0, 0, 0, 0],
    [0, 0, 0, 0, 0]
  ],
  [ // Surgeon 19
    [0, 0, 0, 0, 0],
    [0, 0, 0, 0, 0],
    [0, 0, 0, 0, 0],
    [0, 0, 0, 0, 0],
    [0, 0, 0, 0, 0],
    [0, 0, 0, 0, 0],
    [0, 0, 0, 0, 0],
    [0, 0, 0, 0, 0],
    [0, 0, 0, 0, 0],
    [0, 0, 0, 0, 0]
  ],
  [ // Surgeon 20
    [0, 0, 0, 0, 0],
    [0, 0, 0, 0, 0],
    [0, 0, 0, 0, 0],
    [0, 0, 0, 0, 0],
    [0, 0, 0, 0, 0],
    [0, 0, 0, 0, 0],
    [0, 0, 0, 0, 0],
    [0, 0, 0, 0, 0],
    [0, 0, 0, 0, 0],
    [0, 0, 0, 0, 0]
  ]
];

// IsAssistant1 [Surgeon][Type][Day]
IsAssistant1 = [
  [ // Surgeon 1
    [1, 1, 1, 1, 1],
    [1, 1, 1, 1, 1],
    [1, 1, 1, 1, 1],
    [1, 1, 1, 1, 1],
    [1, 1, 1, 1, 1],
    [1, 1, 1, 1, 1],
    [1, 1, 1, 1, 1],
    [1, 1, 1, 1, 1],
    [1, 1, 1, 1, 1],
    [1, 1, 1, 1, 1]
  ],
  [ // Surgeon 2
    [1, 1, 1, 1, 1],
    [1, 1, 1, 1, 1],
    [1, 1, 1, 1, 1],
    [1, 1, 1, 1, 1],
    [1, 1, 1, 1, 1],
    [1, 1, 1, 1, 1],
    [1, 1, 1, 1, 1],
    [1, 1, 1, 1, 1],
    [1, 1, 1, 1, 1],
    [1, 1, 1, 1, 1]
  ],
  [ // Surgeon 3
    [1, 1, 1, 1, 1],
    [1, 1, 1, 1, 1],
    [1, 1, 1, 1, 1],
    [1, 1, 1, 1, 1],
    [1, 1, 1, 1, 1],
    [1, 1, 1, 1, 1],
    [1, 1, 1, 1, 1],
    [1, 1, 1, 1, 1],
    [1, 1, 1, 1, 1],
    [1, 1, 1, 1, 1]
  ],
  [ // Surgeon 4
    [1, 1, 1, 1, 1],
    [1, 1, 1, 1, 1],
    [1, 1, 1, 1, 1],
    [1, 1, 1, 1, 1],
    [1, 1, 1, 1, 1],
    [1, 1, 1, 1, 1],
    [1, 1, 1, 1, 1],
    [1, 1, 1, 1, 1],
    [1, 1, 1, 1, 1],
    [1, 1, 1, 1, 1]
  ],
  [ // Surgeon 5
    [1, 1, 1, 1, 1],
    [1, 1, 1, 1, 1],
    [1, 1, 1, 1, 1],
    [1, 1, 1, 1, 1],
    [1, 1, 1, 1, 1],
    [1, 1, 1, 1, 1],
    [1, 1, 1, 1, 1],
    [1, 1, 1, 1, 1],
    [1, 1, 1, 1, 1],
    [1, 1, 1, 1, 1]
  ],
  [ // Surgeon 6
    [1, 1, 1, 1, 1],
    [1, 1, 1, 1, 1],
    [1, 1, 1, 1, 1],
    [1, 1, 1, 1, 1],
    [1, 1, 1, 1, 1],
    [1, 1, 1, 1, 1],
    [1, 1, 1, 1, 1],
    [1, 1, 1, 1, 1],
    [1, 1, 1, 1, 1],
    [1, 1, 1, 1, 1]
  ],
  [ // Surgeon 7
    [1, 1, 1, 1, 1],
    [1, 1, 1, 1, 1],
    [1, 1, 1, 1, 1],
    [1, 1, 1, 1, 1],
    [1, 1, 1, 1, 1],
    [1, 1, 1, 1, 1],
    [1, 1, 1, 1, 1],
    [1, 1, 1, 1, 1],
    [1, 1, 1, 1, 1],
    [1, 1, 1, 1, 1]
  ],
  [ // Surgeon 8
    [1, 1, 1, 1, 1],
    [1, 1, 1, 1, 1],
    [1, 1, 1, 1, 1],
    [1, 1, 1, 1, 1],
    [1, 1, 1, 1, 1],
    [1, 1, 1, 1, 1],
    [1, 1, 1, 1, 1],
    [1, 1, 1, 1, 1],
    [1, 1, 1, 1, 1],
    [1, 1, 1, 1, 1]
  ],
  [ // Surgeon 9
    [1, 1, 1, 1, 1],
    [1, 1, 1, 1, 1],
    [1, 1, 1, 1, 1],
    [1, 1, 1, 1, 1],
    [1, 1, 1, 1, 1],
    [1, 1, 1, 1, 1],
    [1, 1, 1, 1, 1],
    [1, 1, 1, 1, 1],
    [1, 1, 1, 1, 1],
    [1, 1, 1, 1, 1]
  ],
  [ // Surgeon 10
    [1, 1, 1, 1, 1],
    [1, 1, 1, 1, 1],
    [1, 1, 1, 1, 1],
    [1, 1, 1, 1, 1],
    [1, 1, 1, 1, 1],
    [1, 1, 1, 1, 1],
    [1, 1, 1, 1, 1],
    [1, 1, 1, 1, 1],
    [1, 1, 1, 1, 1],
    [1, 1, 1, 1, 1]
  ],
  [ // Surgeon 11
    [1, 1, 1, 1, 1],
    [1, 1, 1, 1, 1],
    [1, 1, 1, 1, 1],
    [1, 1, 1, 1, 1],
    [1, 1, 1, 1, 1],
    [1, 1, 1, 1, 1],
    [1, 1, 1, 1, 1],
    [1, 1, 1, 1, 1],
    [1, 1, 1, 1, 1],
    [1, 1, 1, 1, 1]
  ],
  [ // Surgeon 12
    [1, 1, 1, 1, 1],
    [1, 1, 1, 1, 1],
    [1, 1, 1, 1, 1],
    [1, 1, 1, 1, 1],
    [1, 1, 1, 1, 1],
    [1, 1, 1, 1, 1],
    [1, 1, 1, 1, 1],
    [1, 1, 1, 1, 1],
    [1, 1, 1, 1, 1],
    [1, 1, 1, 1, 1]
  ],
  [ // Surgeon 13
    [1, 1, 1, 1, 1],
    [1, 1, 1, 1, 1],
    [1, 1, 1, 1, 1],
    [1, 1, 1, 1, 1],
    [1, 1, 1, 1, 1],
    [1, 1, 1, 1, 1],
    [1, 1, 1, 1, 1],
    [1, 1, 1, 1, 1],
    [0, 0, 0, 0, 0],
    [0, 0, 0, 0, 0]
  ],
  [ // Surgeon 14
    [1, 1, 1, 1, 1],
    [1, 1, 1, 1, 1],
    [1, 1, 1, 1, 1],
    [1, 1, 1, 1, 1],
    [0, 0, 0, 0, 0],
    [1, 1, 1, 1, 1],
    [1, 1, 1, 1, 1],
    [1, 1, 1, 1, 1],
    [1, 1, 1, 1, 1],
    [0, 0, 0, 0, 0]
  ],
  [ // Surgeon 15
    [1, 1, 1, 1, 1],
    [1, 1, 1, 1, 1],
    [1, 1, 1, 1, 1],
    [0, 0, 0, 0, 0],
    [0, 0, 0, 0, 0],
    [1, 1, 1, 1, 1],
    [1, 1, 1, 1, 1],
    [1, 1, 1, 1, 1],
    [1, 1, 1, 1, 1],
    [1, 1, 1, 1, 1]
  ],
  [ // Surgeon 16
    [1, 1, 1, 1, 1],
    [1, 1, 1, 1, 1],
    [1, 1, 1, 1, 1],
    [1, 1, 1, 1, 1],
    [1, 1, 1, 1, 1],
    [1, 1, 1, 1, 1],
    [0, 0, 0, 0, 0],
    [1, 1, 1, 1, 1],
    [1, 1, 1, 1, 1],
    [0, 0, 0, 0, 0]
  ],
  [ // Surgeon 17
    [0, 0, 0, 0, 0],
    [1, 1, 1, 1, 1],
    [1, 1, 1, 1, 1],
    [1, 1, 1, 1, 1],
    [1, 1, 1, 1, 1],
    [1, 1, 1, 1, 1],
    [1, 1, 1, 1, 1],
    [1, 1, 1, 1, 1],
    [1, 1, 1, 1, 1],
    [0, 0, 0, 0, 0]
  ],
  [ // Surgeon 18
    [1, 1, 1, 1, 1],
    [1, 1, 1, 1, 1],
    [1, 1, 1, 1, 1],
    [0, 0, 0, 0, 0],
    [0, 0, 0, 0, 0],
    [1, 1, 1, 1, 1],
    [1, 1, 1, 1, 1],
    [1, 1, 1, 1, 1],
    [1, 1, 1, 1, 1],
    [1, 1, 1, 1, 1]
  ],
  [ // Surgeon 19
    [1, 1, 1, 1, 1],
    [0, 0, 0, 0, 0],
    [1, 1, 1, 1, 1],
    [1, 1, 1, 1, 1],
    [1, 1, 1, 1, 1],
    [0, 0, 0, 0, 0],
    [1, 1, 1, 1, 1],
    [1, 1, 1, 1, 1],
    [1, 1, 1, 1, 1],
    [1, 1, 1, 1, 1]
  ],
  [ // Surgeon 20
    [1, 1, 1, 1, 1],
    [1, 1, 1, 1, 1],
    [1, 1, 1, 1, 1],
    [1, 1, 1, 1, 1],
    [0, 0, 0, 0, 0],
    [1, 1, 1, 1, 1],
    [0, 0, 0, 0, 0],
    [1, 1, 1, 1, 1],
    [1, 1, 1, 1, 1],
    [1, 1, 1, 1, 1]
  ]
];

// IsAssistant2 [Surgeon][Day]
IsAssistant2 = [
  [0, 0, 0, 0, 0],
  [0, 0, 0, 0, 0],
  [0, 0, 0, 0, 0],
  [0, 0, 0, 0, 0],
  [0, 0, 0, 0, 0],
  [0, 0, 0, 0, 0],
  [0, 0, 0, 0, 0],
  [0, 0, 0, 0, 0],
  [0, 0, 0, 0, 0],
  [0, 0, 0, 0, 0],
  [1, 1, 1, 1, 1],
  [1, 1, 1, 1, 1],
  [1, 1, 1, 1, 1],
  [1, 1, 1, 1, 1],
  [1, 1, 1, 1, 1],
  [1, 1, 1, 1, 1],
  [1, 1, 1, 1, 1],
  [1, 1, 1, 1, 1],
  [1, 1, 1, 1, 1],
  [1, 1, 1, 1, 1]
];
