/*********************************************
 * MEDIUM SCALE DATASET (80 Patients)
 * Patients: 80, Surgeons: 16, Rooms: 5
 *********************************************/

P = { 1, 2, 3, 4, 5, 6, 7, 8, 9, 10, 11, 12, 13, 14, 15, 16, 17, 18, 19, 20, 21, 22, 23, 24, 25, 26, 27, 28, 29, 30, 31, 32, 33, 34, 35, 36, 37, 38, 39, 40, 41, 42, 43, 44, 45, 46, 47, 48, 49, 50, 51, 52, 53, 54, 55, 56, 57, 58, 59, 60, 61, 62, 63, 64, 65, 66, 67, 68, 69, 70, 71, 72, 73, 74, 75, 76, 77, 78, 79, 80 };
S = { 1, 2, 3, 4, 5, 6, 7, 8, 9, 10, 11, 12, 13, 14, 15, 16 };
D = { 1, 2, 3, 4, 5 };
K = { 1, 2, 3, 4, 5 };

SurgeryTypes = {1, 2, 3, 4, 5, 6, 7, 8, 9, 10};
wh = [480, 480, 480, 480, 480];

DurationByType = [60, 65, 30, 30, 90, 100, 160, 90, 65, 30];
PrepType = [10, 10, 10, 10, 10, 15, 15, 15, 15, 15];
RestingTimeByType = [15, 15, 15, 15, 15, 30, 30, 20, 20, 10];

PatientType = [
  5, 1, 1, 7, 1, 6, 2, 10, 3, 1,
  6, 1, 4, 1, 10, 6, 1, 3, 2, 3,
  2, 1, 9, 2, 9, 8, 4, 3, 5, 4,
  7, 4, 8, 9, 4, 7, 6, 8, 1, 5,
  2, 1, 4, 3, 4, 9, 4, 6, 1, 2,
  1, 7, 1, 9, 9, 3, 5, 6, 2, 2,
  4, 1, 8, 2, 5, 5, 4, 5, 1, 10,
  6, 1, 8, 4, 5, 5, 3, 3, 4, 3
];

Avail = [
  [1, 0, 1, 1, 1],
  [1, 1, 1, 0, 0],
  [1, 0, 1, 1, 1],
  [1, 1, 1, 1, 1],
  [1, 0, 1, 1, 1],
  [1, 1, 1, 1, 1],
  [1, 1, 1, 1, 1],
  [1, 1, 1, 1, 1],
  [1, 1, 1, 1, 1],
  [1, 0, 1, 1, 1],
  [1, 1, 0, 1, 1],
  [1, 1, 1, 1, 1],
  [1, 1, 1, 1, 1],
  [1, 1, 1, 1, 1],
  [1, 1, 0, 1, 1],
  [1, 1, 1, 1, 1]
];

// IsResponsible [Surgeon][Type][Day]
IsResponsible = [
  [ 
    [1, 1, 1, 1, 1],
    [0, 0, 0, 0, 0],
    [0, 0, 0, 0, 0],
    [1, 1, 1, 1, 1],
    [1, 1, 1, 1, 1],
    [0, 0, 0, 0, 0],
    [1, 1, 1, 1, 1],
    [1, 1, 1, 1, 1],
    [0, 0, 0, 0, 0],
    [1, 1, 1, 1, 1]
  ],
  [ 
    [1, 1, 1, 1, 1],
    [0, 0, 0, 0, 0],
    [1, 1, 1, 1, 1],
    [1, 1, 1, 1, 1],
    [1, 1, 1, 1, 1],
    [1, 1, 1, 1, 1],
    [0, 0, 0, 0, 0],
    [0, 0, 0, 0, 0],
    [1, 1, 1, 1, 1],
    [1, 1, 1, 1, 1]
  ],
  [ 
    [1, 1, 1, 1, 1],
    [1, 1, 1, 1, 1],
    [1, 1, 1, 1, 1],
    [1, 1, 1, 1, 1],
    [1, 1, 1, 1, 1],
    [0, 0, 0, 0, 0],
    [0, 0, 0, 0, 0],
    [1, 1, 1, 1, 1],
    [0, 0, 0, 0, 0],
    [0, 0, 0, 0, 0]
  ],
  [ 
    [1, 1, 1, 1, 1],
    [0, 0, 0, 0, 0],
    [1, 1, 1, 1, 1],
    [0, 0, 0, 0, 0],
    [0, 0, 0, 0, 0],
    [0, 0, 0, 0, 0],
    [1, 1, 1, 1, 1],
    [1, 1, 1, 1, 1],
    [1, 1, 1, 1, 1],
    [1, 1, 1, 1, 1]
  ],
  [ 
    [1, 1, 1, 1, 1],
    [1, 1, 1, 1, 1],
    [1, 1, 1, 1, 1],
    [0, 0, 0, 0, 0],
    [1, 1, 1, 1, 1],
    [0, 0, 0, 0, 0],
    [1, 1, 1, 1, 1],
    [1, 1, 1, 1, 1],
    [1, 1, 1, 1, 1],
    [0, 0, 0, 0, 0]
  ],
  [ 
    [1, 1, 1, 1, 1],
    [1, 1, 1, 1, 1],
    [1, 1, 1, 1, 1],
    [1, 1, 1, 1, 1],
    [1, 1, 1, 1, 1],
    [0, 0, 0, 0, 0],
    [1, 1, 1, 1, 1],
    [1, 1, 1, 1, 1],
    [0, 0, 0, 0, 0],
    [0, 0, 0, 0, 0]
  ],
  [ 
    [0, 0, 0, 0, 0],
    [1, 1, 1, 1, 1],
    [1, 1, 1, 1, 1],
    [0, 0, 0, 0, 0],
    [1, 1, 1, 1, 1],
    [1, 1, 1, 1, 1],
    [0, 0, 0, 0, 0],
    [0, 0, 0, 0, 0],
    [1, 1, 1, 1, 1],
    [0, 0, 0, 0, 0]
  ],
  [ 
    [0, 0, 0, 0, 0],
    [1, 1, 1, 1, 1],
    [1, 1, 1, 1, 1],
    [0, 0, 0, 0, 0],
    [0, 0, 0, 0, 0],
    [1, 1, 1, 1, 1],
    [1, 1, 1, 1, 1],
    [0, 0, 0, 0, 0],
    [0, 0, 0, 0, 0],
    [1, 1, 1, 1, 1]
  ],
  [ 
    [0, 0, 0, 0, 0],
    [0, 0, 0, 0, 0],
    [0, 0, 0, 0, 0],
    [0, 0, 0, 0, 0],
    [0, 0, 0, 0, 0],
    [0, 0, 0, 0, 0],
    [0, 0, 0, 0, 0],
    [0, 0, 0, 0, 0],
    [0, 0, 0, 0, 0],
    [0, 0, 0, 0, 0]
  ],
  [ 
    [0, 0, 0, 0, 0],
    [0, 0, 0, 0, 0],
    [0, 0, 0, 0, 0],
    [0, 0, 0, 0, 0],
    [0, 0, 0, 0, 0],
    [0, 0, 0, 0, 0],
    [0, 0, 0, 0, 0],
    [0, 0, 0, 0, 0],
    [0, 0, 0, 0, 0],
    [0, 0, 0, 0, 0]
  ],
  [ 
    [0, 0, 0, 0, 0],
    [0, 0, 0, 0, 0],
    [0, 0, 0, 0, 0],
    [0, 0, 0, 0, 0],
    [0, 0, 0, 0, 0],
    [0, 0, 0, 0, 0],
    [0, 0, 0, 0, 0],
    [0, 0, 0, 0, 0],
    [0, 0, 0, 0, 0],
    [0, 0, 0, 0, 0]
  ],
  [ 
    [0, 0, 0, 0, 0],
    [0, 0, 0, 0, 0],
    [0, 0, 0, 0, 0],
    [0, 0, 0, 0, 0],
    [0, 0, 0, 0, 0],
    [0, 0, 0, 0, 0],
    [0, 0, 0, 0, 0],
    [0, 0, 0, 0, 0],
    [0, 0, 0, 0, 0],
    [0, 0, 0, 0, 0]
  ],
  [ 
    [0, 0, 0, 0, 0],
    [0, 0, 0, 0, 0],
    [0, 0, 0, 0, 0],
    [0, 0, 0, 0, 0],
    [0, 0, 0, 0, 0],
    [0, 0, 0, 0, 0],
    [0, 0, 0, 0, 0],
    [0, 0, 0, 0, 0],
    [0, 0, 0, 0, 0],
    [0, 0, 0, 0, 0]
  ],
  [ 
    [0, 0, 0, 0, 0],
    [0, 0, 0, 0, 0],
    [0, 0, 0, 0, 0],
    [0, 0, 0, 0, 0],
    [0, 0, 0, 0, 0],
    [0, 0, 0, 0, 0],
    [0, 0, 0, 0, 0],
    [0, 0, 0, 0, 0],
    [0, 0, 0, 0, 0],
    [0, 0, 0, 0, 0]
  ],
  [ 
    [0, 0, 0, 0, 0],
    [0, 0, 0, 0, 0],
    [0, 0, 0, 0, 0],
    [0, 0, 0, 0, 0],
    [0, 0, 0, 0, 0],
    [0, 0, 0, 0, 0],
    [0, 0, 0, 0, 0],
    [0, 0, 0, 0, 0],
    [0, 0, 0, 0, 0],
    [0, 0, 0, 0, 0]
  ],
  [ 
    [0, 0, 0, 0, 0],
    [0, 0, 0, 0, 0],
    [0, 0, 0, 0, 0],
    [0, 0, 0, 0, 0],
    [0, 0, 0, 0, 0],
    [0, 0, 0, 0, 0],
    [0, 0, 0, 0, 0],
    [0, 0, 0, 0, 0],
    [0, 0, 0, 0, 0],
    [0, 0, 0, 0, 0]
  ]
];

// IsAssistant1 [Surgeon][Type][Day]
IsAssistant1 = [
  [ 
    [0, 0, 0, 0, 0],
    [0, 0, 0, 0, 0],
    [0, 0, 0, 0, 0],
    [1, 1, 1, 1, 1],
    [1, 1, 1, 1, 1],
    [0, 0, 0, 0, 0],
    [1, 1, 1, 1, 1],
    [0, 0, 0, 0, 0],
    [1, 1, 1, 1, 1],
    [1, 1, 1, 1, 1]
  ],
  [ 
    [1, 1, 1, 1, 1],
    [0, 0, 0, 0, 0],
    [0, 0, 0, 0, 0],
    [1, 1, 1, 1, 1],
    [0, 0, 0, 0, 0],
    [1, 1, 1, 1, 1],
    [1, 1, 1, 1, 1],
    [0, 0, 0, 0, 0],
    [1, 1, 1, 1, 1],
    [0, 0, 0, 0, 0]
  ],
  [ 
    [1, 1, 1, 1, 1],
    [1, 1, 1, 1, 1],
    [1, 1, 1, 1, 1],
    [0, 0, 0, 0, 0],
    [0, 0, 0, 0, 0],
    [1, 1, 1, 1, 1],
    [0, 0, 0, 0, 0],
    [1, 1, 1, 1, 1],
    [0, 0, 0, 0, 0],
    [0, 0, 0, 0, 0]
  ],
  [ 
    [1, 1, 1, 1, 1],
    [0, 0, 0, 0, 0],
    [0, 0, 0, 0, 0],
    [1, 1, 1, 1, 1],
    [0, 0, 0, 0, 0],
    [0, 0, 0, 0, 0],
    [1, 1, 1, 1, 1],
    [0, 0, 0, 0, 0],
    [1, 1, 1, 1, 1],
    [1, 1, 1, 1, 1]
  ],
  [ 
    [0, 0, 0, 0, 0],
    [1, 1, 1, 1, 1],
    [1, 1, 1, 1, 1],
    [0, 0, 0, 0, 0],
    [1, 1, 1, 1, 1],
    [1, 1, 1, 1, 1],
    [1, 1, 1, 1, 1],
    [0, 0, 0, 0, 0],
    [0, 0, 0, 0, 0],
    [0, 0, 0, 0, 0]
  ],
  [ 
    [1, 1, 1, 1, 1],
    [1, 1, 1, 1, 1],
    [0, 0, 0, 0, 0],
    [0, 0, 0, 0, 0],
    [1, 1, 1, 1, 1],
    [1, 1, 1, 1, 1],
    [0, 0, 0, 0, 0],
    [1, 1, 1, 1, 1],
    [0, 0, 0, 0, 0],
    [0, 0, 0, 0, 0]
  ],
  [ 
    [1, 1, 1, 1, 1],
    [1, 1, 1, 1, 1],
    [1, 1, 1, 1, 1],
    [1, 1, 1, 1, 1],
    [0, 0, 0, 0, 0],
    [0, 0, 0, 0, 0],
    [0, 0, 0, 0, 0],
    [0, 0, 0, 0, 0],
    [0, 0, 0, 0, 0],
    [1, 1, 1, 1, 1]
  ],
  [ 
    [0, 0, 0, 0, 0],
    [1, 1, 1, 1, 1],
    [0, 0, 0, 0, 0],
    [0, 0, 0, 0, 0],
    [0, 0, 0, 0, 0],
    [1, 1, 1, 1, 1],
    [0, 0, 0, 0, 0],
    [1, 1, 1, 1, 1],
    [1, 1, 1, 1, 1],
    [1, 1, 1, 1, 1]
  ],
  [ 
    [1, 1, 1, 1, 1],
    [1, 1, 1, 1, 1],
    [1, 1, 1, 1, 1],
    [1, 1, 1, 1, 1],
    [1, 1, 1, 1, 1],
    [1, 1, 1, 1, 1],
    [1, 1, 1, 1, 1],
    [1, 1, 1, 1, 1],
    [1, 1, 1, 1, 1],
    [1, 1, 1, 1, 1]
  ],
  [ 
    [1, 1, 1, 1, 1],
    [1, 1, 1, 1, 1],
    [1, 1, 1, 1, 1],
    [1, 1, 1, 1, 1],
    [1, 1, 1, 1, 1],
    [1, 1, 1, 1, 1],
    [1, 1, 1, 1, 1],
    [1, 1, 1, 1, 1],
    [1, 1, 1, 1, 1],
    [1, 1, 1, 1, 1]
  ],
  [ 
    [1, 1, 1, 1, 1],
    [1, 1, 1, 1, 1],
    [1, 1, 1, 1, 1],
    [1, 1, 1, 1, 1],
    [1, 1, 1, 1, 1],
    [1, 1, 1, 1, 1],
    [1, 1, 1, 1, 1],
    [1, 1, 1, 1, 1],
    [1, 1, 1, 1, 1],
    [1, 1, 1, 1, 1]
  ],
  [ 
    [1, 1, 1, 1, 1],
    [1, 1, 1, 1, 1],
    [1, 1, 1, 1, 1],
    [1, 1, 1, 1, 1],
    [1, 1, 1, 1, 1],
    [1, 1, 1, 1, 1],
    [1, 1, 1, 1, 1],
    [1, 1, 1, 1, 1],
    [1, 1, 1, 1, 1],
    [1, 1, 1, 1, 1]
  ],
  [ 
    [1, 1, 1, 1, 1],
    [1, 1, 1, 1, 1],
    [1, 1, 1, 1, 1],
    [1, 1, 1, 1, 1],
    [1, 1, 1, 1, 1],
    [1, 1, 1, 1, 1],
    [1, 1, 1, 1, 1],
    [1, 1, 1, 1, 1],
    [1, 1, 1, 1, 1],
    [1, 1, 1, 1, 1]
  ],
  [ 
    [1, 1, 1, 1, 1],
    [1, 1, 1, 1, 1],
    [1, 1, 1, 1, 1],
    [1, 1, 1, 1, 1],
    [1, 1, 1, 1, 1],
    [1, 1, 1, 1, 1],
    [1, 1, 1, 1, 1],
    [1, 1, 1, 1, 1],
    [1, 1, 1, 1, 1],
    [1, 1, 1, 1, 1]
  ],
  [ 
    [1, 1, 1, 1, 1],
    [1, 1, 1, 1, 1],
    [1, 1, 1, 1, 1],
    [1, 1, 1, 1, 1],
    [1, 1, 1, 1, 1],
    [1, 1, 1, 1, 1],
    [1, 1, 1, 1, 1],
    [1, 1, 1, 1, 1],
    [1, 1, 1, 1, 1],
    [1, 1, 1, 1, 1]
  ],
  [ 
    [1, 1, 1, 1, 1],
    [1, 1, 1, 1, 1],
    [1, 1, 1, 1, 1],
    [1, 1, 1, 1, 1],
    [1, 1, 1, 1, 1],
    [1, 1, 1, 1, 1],
    [1, 1, 1, 1, 1],
    [1, 1, 1, 1, 1],
    [1, 1, 1, 1, 1],
    [1, 1, 1, 1, 1]
  ]
];

// IsAssistant2 [Surgeon][Day]
IsAssistant2 = [
  [0, 0, 0, 0, 0],
  [0, 0, 0, 0, 0],
  [0, 0, 0, 0, 0],
  [0, 0, 0, 0, 0],
  [0, 0, 0, 0, 0],
  [0, 0, 0, 0, 0],
  [0, 0, 0, 0, 0],
  [0, 0, 0, 0, 0],
  [1, 1, 1, 1, 1],
  [1, 1, 1, 1, 1],
  [1, 1, 1, 1, 1],
  [1, 1, 1, 1, 1],
  [1, 1, 1, 1, 1],
  [1, 1, 1, 1, 1],
  [1, 1, 1, 1, 1],
  [1, 1, 1, 1, 1]
];
